8.40188 3.52926
7.9844 3.14125
2.77775 3.98942
6.28871 4.02798
9.5223 3.90628
7.17297 3.6005
0.163006 4.05372
8.04177 3.01999
1.2979 3.11521
8.39112 3.22983
6.37552 3.98685
9.72775 3.62167
5.26745 1.65404
8.91529 3.92152
8.07725 3.07697
0.860558 3.66477
8.90233 3.94734
0.20023 4.04794
2.3828 3.69544
5.3976 2.16037
5.12535 1.44459
0.392803 4.1628
9.3081 3.99232
7.38534 3.16287
6.87861 3.90975
8.80075 3.85128
2.28968 3.59039
6.8667 3.95412
6.57304 4.10369
9.2397 4.23865
6.84219 3.96406
2.15825 3.35312
6.19596 3.98867
3.07458 3.908
1.87533 3.17682
4.16501 1.8493
9.84752 3.27169
3.83188 2.48191
2.9416 4.16545
2.44413 3.86425
1.25475 3.09278
7.45071 3.23097
1.76211 3.12711
7.32654 3.39339
6.39458 4.05456
1.34902 2.99015
0.699064 3.79667
8.19677 3.32055
0.519388 4.02698
1.25468 3.02146
1.63131 3.08235
8.19695 3.24446
5.7943 3.27825
0.996401 3.59093
3.04295 4.08093
8.77614 3.94465
0.354209 4.17539
9.25377 4.11844
9.79434 3.41944
9.83596 3.27736
1.63968 3.02905
2.48044 3.7311
7.0062 3.67261
2.31428 3.67252
2.23656 3.56487
9.71466 3.58745
7.19269 3.53612
5.9254 3.39717
3.36351 3.66124
0.0323146 4.13752
8.33243 3.38553
4.8295 0.841372
7.12087 3.68321
0.408643 4.25026
6.73936 3.91233
1.84622 3.26894
7.30729 3.51285
2.02213 3.30365
6.5313 4.14734
0.876436 3.64393
6.86125 4.05327
5.93211 3.2959
7.75767 2.91591
1.89751 3.10247
1.88201 3.19442
9.1893 4.20152
1.21143 3.08717
7.74273 2.98579
7.93657 2.82811
9.04932 4.37198
1.62757 3.07135
4.92399 1.22893
4.95977 1.06344
6.84178 3.90083
6.03109 3.75114
7.24252 3.4253
4.98525 1.04207
9.31895 4.10618
8.36828 3.35295
3.34972 3.87144
6.08883 3.66545
0.72545 3.81266
3.63598 2.97761
0.911486 3.6111
5.8357 3.27737
7.61778 2.95904
8.83037 3.96546
2.07844 3.14237
8.29939 3.13144
3.26013 3.93547
9.84845 3.32326
1.36075 3.13275
2.93678 4.15015
7.07909 3.68022
8.65181 3.57148
6.5712 4.09238
0.515083 4.00107
7.80868 2.9483
1.19111 3.36142
5.29899 1.60775
3.04285 4.07313
1.6982 3.07995
6.18925 3.74678
8.29808 3.11795
8.26769 3.14586
8.78278 3.98818
6.59146 4.1772
8.36104 3.24291
1.98021 3.14664
6.74605 4.11885
2.00352 3.09497
4.34009 1.27586
5.32846 1.87057
0.145793 3.9566
3.05408 3.98299
6.49659 4.20333
6.85986 4.01038
3.1195 4.14215
6.18447 3.91074
4.00709 2.21646
8.01897 2.95165
0.328927 4.13232
1.87616 3.28479
5.67831 2.67673
6.55368 4.09688
3.41354 3.66641
6.53305 4.19598
1.86265 3.12453
8.28957 3.32788
1.91112 3.32171
8.68924 3.93689
9.32485 4.15308
4.94407 1.20172
7.99646 3.06759
6.57201 4.20155
5.89157 3.4558
7.75421 2.94872
6.04379 3.52405
7.9549 2.92183
6.11981 3.95508
5.38557 2.02068
0.329634 4.13128
8.32609 3.20341
4.8981 1.0216
8.14351 3.27653
4.52122 1.06398
2.47033 3.8225
7.17597 3.69506
5.82682 3.05601
9.95165 3.10924
2.22602 3.59398
9.23513 4.09107
4.38562 1.18698
5.36742 1.93713
9.4982 4.01732
9.67277 3.61641
7.80224 3.03355
2.57585 3.86377
5.60785 2.80295
1.91028 2.94281
6.5388 4.22526
1.09778 3.18491
6.4652 4.28526
5.96341 3.4973
5.63617 2.68773
7.70686 3.012
4.87721 1.12305
9.65682 3.61619
8.82204 4.00262
7.47638 3.02534
9.4664 4.09958
9.2454 4.05636
1.67165 3.06692
1.76239 3.02115
9.46925 3.94122
6.48545 4.0538
3.93746 1.97776
2.93177 4.15082
5.66164 2.8696
7.53383 3.15001
